00100000000000010000000000001010
10100000000000010000000000001010
10101100000000010000000100001000
00001010000000000000000000000000
10001100000000010000000100001000
10000100001000000000000000001100
10000000000000010101000010000000
10001101010000110000000010101100
10001101010001000000000011011000
10001100000001010000000100000100
10000100011000000000000000000010
10000000100001010011000000100010
10001000000000000000000000100110
10000000100001010011000000100000
10101101010001100000000010101100
10100000001000011111111111111111
10101100000000010000000100001000
10001000000000000000000000011100
10000000000000000000000000001101
11111111111111111111111111111111
11111111111111111111111111111110
11111111111111111111111111111101
00000000000000000000000000000001
00000000000000000000000000000010
00000000000000000000000000000011
00000000000000000000000000000000
00000000000000000000000000000000
00000000000000000000000000000101
11111111111111111111111111111011
00000000000000000000000000000110
00000000000000000000000000000000
00000000000000000000000000000000
00000000000000000000000000000000
00000000000000000000000000000000
00000000000000000000000000000000
00000000000000000000000000000000
00000000000000000000000000000000
00000000000000000000000000000000
00000000000000000000000000000000
00000000000000000000000000000000
00000000000000000000000000000000
00000000000000000000000000000001
00000000000000000000000000000000
sdf
